Input Sample	B cells naive	B cells memory	Plasma cells	T cells CD8	T cells CD4 naive	T cells CD4 memory resting	T cells CD4 memory activated	T cells follicular helper	T cells regulatory (Tregs)	T cells gamma delta	NK cells resting	NK cells activated	Monocytes	Macrophages M0	Macrophages M1	Macrophages M2	Dendritic cells resting	Dendritic cells activated	Mast cells resting	Mast cells activated	Eosinophils	Neutrophils	P-value	Pearson Correlation	RMSE
CPCG0100	0.1622683382328347	0	0	0.00848245980979022	0	0.34072587171600033	0.006776691839938547	0	0.026598161739680434	0	0.03747392975147446	0	0.06276303602364836	0.03169765724246876	0.05944326419058032	0.15611188155183445	0.014100758790154388	0	0.07362438226953488	0	0.0199335668420602	0	0.99	-0.0342	1.0907134527852955
CPCG0183	0.0556497200068178	0	0.053615877645147865	0.012446667353938623	0	0.2166714658626469	0	0.00557874696474657	0	0	0	0.037232443475165786	0.0003	0.3126706600280838	0.011603476256931857	0.2098013813698394	0	0.03868416107499924	0.033033064755819574	0	0.012731005278463964	0	0.97	-0.0315	1.1152777892725518
CPCG0184	0.029475808243339216	0	0.0004	0	0	0.2796760900407196	0.028741156424037368	0	0.037721849272387004	0	0.035342831936491015	0	0	0.1429289262416968	0	0.22191658368638403	0	0.09799424938988546	0.1205024743919877	0	0.00529766948244536	0	0.99	-0.0336	1.0906006779693627
CPCG0196	0.11512371809967178	0	0	0.025260051179751886	0	0.3360898481806336	0.01680139967753096	0	0.0070871887370247575	0	0.06793658291316644	0	0.028785386679665657	0.23562970527578705	0.04147058959404477	0.06980287828774191	0	0.012244886015812724	0.03412937805051681	0	0.009638387308651677	0	0.72	-0.0113	1.0935461197574121
CPCG0235	0.07768192896575339	0	0	0	0	0.3512012794867042	0	0	0.014251375072232918	0	0.05564420476777878	0	0.04865403094722851	0	0.0005	0.27135511553836933	0	0.04531098312000627	0.13404252692266938	0	0.0013784843976473824	0	0.99	-0.0475	1.0928195192060355
CPCG0236	0.08833973097947986	0	0	0.012105620422549925	0	0.41992172848813886	0	0	0	0	0.020468320464444672	0.06494760731134856	0.0524167587840079	0	0.012759766609692953	0.24720099043206809	0	0.03802688495726529	0.04381259155100389	0	0	0	0.99	-0.0367	1.1032375300177533
CPCG0241	0.21907089352048384	0	0.008324940639876313	0	0	0.26685849126208205	0.08874601674446034	0	0	0	0.06253792639794406	0	0.05318915815136084	0.0660046343272234	0.036262074068508954	0.09569841040397849	0	0	0.09349665693685176	0	0.009810797547229962	0	0.99	-0.0367	1.0909936688646011
CPCG0246	0.14597532142443606	0	0.002496430692339867	0	0	0.28571064823361725	0	0.010261740779939969	0	0	0	0.12462316611627967	0.006857372463680871	0.08810522807019192	0.0001	0.25876495855090875	0	0.05787141344962591	0.015216404064011141	0	0.003980099080052248	0	0.99	-0.0348	1.1048808801227608
CPCG0248	0.04723796874463409	0	0.005415109743907991	0.008382883669153563	0	0.34261404366518755	0	0	0.07895043111107815	0	0.026220383306266224	0	0.06596882946786567	0.1520784027806251	0.07323666418340394	0.022612946060178055	0	0.049228030353087926	0.12805430691461175	0	0	0	0.98	-0.0321	1.0946540127508182
CPCG0249	0.09707197727718919	0	0	0	0	0.2786632400699005	0	0	0.0298206939321869	0	0.08979229415983944	0	0	0.21792610326816142	0.0073574922979249505	0.2746870025818002	0	0	0.004675406331773927	0	0	0	0.95	-0.0288	1.109255124140186
CPCG0250	0.20017131468797472	0	0.06460259468639244	0	0	0.32305750514864373	0	0	0.01391855904569616	0	0.020850746710441143	0	0.021463045983969812	0.18828854229680667	0.005059495000636444	0.0884293986518071	0	0.06439790023125168	0.007089405224737362	0.0026714923316427134	0	0	0.46	0.010459181811880549	1.0921057839241755
CPCG0255	0.135345185317014	0	0.02514051791500409	0	0	0.2818068046222809	0	0.010844931582315259	0	0	0	0.027033909717192602	0.0010780006241490382	0.16703678774635755	0.027517788420290134	0.18946273955415077	0	0.03991873935439454	0.09481459514685109	0	0	0	0.7	-0.0102	1.0832401613974443
CPCG0256	0.15094013642343343	0	0	0	0	0.2848031974749252	0.03987740494240743	0	0	0	0.09906506115901713	0	0.029207696149102326	0.11725056616780126	0.01598077411139815	0.08826168980952201	0	0.02296284313019825	0.1456688974062271	0	0.005981733225967666	0	0.96	-0.031	1.0857534010816838
CPCG0258	0.11720667854827163	0	0	0	0	0.3933128565841284	0	0	0	0	0.0332736618219179	0	0.04271734659926548	0.10326253982727736	0.055610486478713264	0.12251620705032244	0	0	0.08156871905471752	0	0.050531504035386025	0	0.99	-0.0361	1.0920969850557487
CPCG0262	0.004170998344955398	0	0.008356950811540557	0.13425152934035275	0	0.38381418892732044	0.016655861505542807	0	0.03933577647033448	0	0.022129150845269792	0.009713797480887087	0.13484815388178178	0.1993641553746429	0	0	0	0.037481858690264346	0	0.007646571558114842	0	0.002231006768992845	0.92	-0.0279	1.121055493329038
CPCG0263	0.11300450961573237	0	0	0.01012643377527928	0	0.29218407279671765	0.004970172328812964	0.019280632988676494	0.05343542756602005	0	0.033713862263037915	0	0.029834266155619637	0.07132457674776731	0.03930011687205833	0.17071435826479017	0	0	0.16211157062548784	0	0	0	0.96	-0.0298	1.0861175072581353
CPCG0265	0.017900009925142697	0	0.00999516839410463	0	0	0.28269468811962245	0	0.04685522716147779	0.023273997664967475	0	0.007992548673540241	0.06291716360092255	0	0.45003386095520154	0	0	0	0.03183695648746273	0.06650037901755786	0	0	0	0.88	-0.0245	1.13494395300952
CPCG0266	0.10723528540682252	0	0.04059528150309548	0.01162987205795517	0	0.30679381270101885	0	0	0	0	0	0.05127207835924976	0	0.08678720257847714	0.003992662681554752	0.27136367299701086	0	0.03725747409966974	0.08307265761514575	0	0	0	0.98	-0.0319	1.0909285026817206
CPCG0267	0.1271885941177905	0	0.10606871543529822	0	0	0.30189052302759467	0.0035856445335615563	0.016316607913570466	0	0	0.021151936701533706	0.01841359147367747	0.009070199603755618	0	0.10236502051704117	0.10515138863666376	0	0.007338732193665391	0.12579362741042566	0	0.05566541843542184	0	0.99	-0.0389	1.1022159315890758
CPCG0268	0.11036827788253918	0	0	0	0	0.3629427333460064	0.003269135453748892	0	0	0	0.009369751713982402	0.007995496210398923	0.0016030482503081867	0.142466014099913	0.004720474769002461	0.2799790901655927	0	0.054850446921165946	0.022435531187341876	0	0	0	0.82	-0.0188	1.0973295876179443
CPCG0269	0.11741362856439691	0	0.012907050563896476	0	0	0.192807284741749	0	0.010783557117013514	0.012606942047169604	0	0	0.03685258479753267	0	0.33659568614560903	0.0024306631219924643	0.13205389141058094	0	0.03767072679776406	0.10223121741962442	0	0.00564676727267094	0	0.5	0.0058839250713375755	1.0956388436060611
CPCG0324	0.07950584192814664	0	0.01011699520581089	0.013660151167323513	0	0.3588829436658825	0	0	0.016910216382350164	0	0.056000103901588286	0	0.03963616500140245	0.057955130941267474	0.08294363799396622	0.11599739427189627	0	0	0.16419600773725682	0	0.004195411803108749	0	0.99	-0.0356	1.0922428796279053
CPCG0331	0.08791025210091323	0	0.00660011987529675	0.009990072777516911	0	0.30598471585265485	0.00982344523641225	0.010009624674987044	0.011012728686780965	0	0.06046822961615027	0.002029111866691529	0.07063857196069968	0.08341109968093663	0.031066341318551727	0.08768970867747224	0.0014339882894240789	0.01016737053727047	0.18778476184215712	0	0.02397985700608429	0	0.99	-0.0371	1.085804871324484
CPCG0333	0.12369567177245383	0	0.0003	0.004174383537413273	0	0.3208277838248324	0.034226705746336836	0	0.0861941005770132	0	0.04153628727148046	0	0.024042240018689896	0.08643895910592575	0.05575627175365027	0.09160946684686283	0	0	0.13124581933303356	0	0	0	0.96	-0.03	1.0908262526631465
CPCG0334	0.09876367940877313	0	0.0190808456135693	0	0	0.308446077646339	0	0	0.015763607440402033	0	0.03363990927129879	0	0	0.32131145002577727	0.028637013435607286	0.0891712989924904	0.009271681707746574	0.002994213229148264	0.07058685652250714	0	0.002333366706340796	0	0.98	-0.032	1.1089544691605269
CPCG0335	0.10776096900975182	0	0.011481524434889558	0.008265406882578328	0	0.33349462656076456	0	0	0	0	0	0.06788588382661388	0.031811575637546004	0.020015043517206663	0.04991092787249198	0.20298035802712713	0	0.05121675269369183	0.11517693153733824	0	0	0	0.96	-0.0308	1.0880743951536185
CPCG0336	0.06009865116600858	0	0.04784645813953572	0	0	0.39751095100816664	0	0	0	0	0.003543647493675615	0.06392893265649756	0.01448077890831844	0.0741301999489115	0.013385296679587697	0.06330795696374411	0	0.032280811598800876	0.15100173591328386	0	0.07848457952346943	0	0.99	-0.0396	1.0954657366139422
CPCG0339	0.14092705158783186	0	0	0	0	0.3664677743111022	0.008727310545030547	0	0	0	0.057973853644173026	0.0010936183056779367	0.02954201622922206	0.05675892207353676	0.01782089467376799	0.1515771142653324	0	0	0.12799038841551724	0	0.041121055948807925	0	0.97	-0.0315	1.0888719150728738
CPCG0340	0.10855132611707673	0	0	0.015379904988328731	0	0.29673908009246014	0	0	0.060800393675258094	0	0.027984403197460633	0	0.03662207873609086	0.11785925715765194	0.06935424482461398	0.09233400833450692	0	0	0.17437530287655198	0	0	0	0.99	-0.0399	1.0921978109263117
CPCG0341	0.11246143559886349	0	0.07972941644608492	0	0	0.29579578584458255	0	0	0.004875212897992663	0	0	0.024433480635306946	0.007487836078078512	0.01434651618450687	0.05989022129115179	0.2574035917390703	0	0.008009025780735642	0.1344002784476117	0	0.001167199056014654	0	0.99	-0.0357	1.0906766121081581
CPCG0342	0.16725419897343632	0	0	0.006514431173775256	0	0.3699510044299115	0	0	0.0015070702779802273	0	0.03354936817037207	0.025976310902381422	0.0417956560157659	0.011704923185159796	0.01415404134422154	0.21748444189321972	0	0.005748745546922872	0.09668988977823453	0	0.007669918308618831	0	0.82	-0.0197	1.089913040852358
CPCG0344	0.17381193380257817	0	0.023783607864342957	0.017298862723998037	0	0.35142232358095427	0	0	0	0	0	0.06519044606400401	0.02585029515561092	0.04807865061604344	0	0.18904577096218747	0	0.05726890176625306	0.048249207464027645	0	0	0	0.91	-0.0259	1.0962900587034823
CPCG0345	0.0015080804065235416	0	0.004972278516451485	0	0	0.53130150118208	0	0	0.03308704948280271	0	0	0.002881828533857754	0.07867979014339012	0.0639931789888669	0.011114223342960838	0.11339104021609514	0.0016016566331214952	0.05256374312162286	0.09759725254750606	0	0.007308376884721155	0	0.99	-0.0347	1.1112980300409951
CPCG0346	0.1007325751713729	0	0	0	0	0.43557310827009726	0	0	0	0	0.04667907142119856	0	0.03622408205319183	0.11491494778876074	0.05256710186595116	0.1080811146231759	0	0	0.08947870721113545	0	0.015749291595116167	0	0.96	-0.0306	1.0958097809638851
CPCG0348	0.11810161379285465	0	0.002852499669878357	0.003347023050888845	0	0.3297404472281419	0	0.021762884370553695	0	0	0	0.09247447760600644	0.028203863710778484	0.032651963381524596	0.021918530351146645	0.2198129688973288	0	0.051803241893558276	0.07030537885702343	0	0.007025107190315915	0	0.99	-0.0338	1.093725566349206
CPCG0349	0	0	0.026275560449711508	0	0	0.3295587278078935	0	0.03543635300213142	0	0	0	0.03644909394921693	0.03829533837453821	0.0003	0.04665589334437865	0.12288408800989468	0	0.05598868831928737	0.2732860478341971	0	0.03486492880031468	0	0.99	-0.0417	1.099651018361205
CPCG0350	0.10188538714113571	0	0	0.0480386155518555	0	0.20108549976030426	0.05898882318029008	0	0.13245272544829065	0	0	0.00373944937044834	0.07443868946629681	0.05386243000799777	0	0.14424158010176957	0.020509330868872182	0.030376850123988604	0.03154645261318186	0.02616266234080216	0	0.07267150402476649	0.95	-0.0295	1.0867363840251714
CPCG0353	0.15170219641349766	0	0.0033078154598705748	0	0	0.2789402895134963	0	0	0	0	0	0.06884369583606705	0	0.2412602282398588	0	0.17029442810429937	0	0.053171178226141896	0.032480168206768315	0	0	0	0.88	-0.0244	1.1029767595855704
CPCG0354	0	0	0.005058525135883753	0	0	0.2551292616537001	0.0025340065009805375	0	0.043016793999821265	0	0.06644136616632361	0.05982360600303488	0.05220657734526675	0.37891667484372277	0.025358681970638054	0.03468672000640839	0	0	0.07682778637421993	0	0	0	0.98	-0.0325	1.1234982643664033
CPCG0355	0.07853734003357966	0	0.005025522032394048	0.03367745691107961	0	0.4522787198037207	0	0	0	0	0.0038157348187451787	0.050030800404742504	0.06076573757656258	0.09224034127448778	0.04784686499578465	0	0	0	0.1757814821489033	0	0	0	0.99	-0.0382	1.1106901498516135
CPCG0356	0.18760276749351157	0	0.02359417581275057	0.0634967084616255	0	0.2364997523880586	0	0	0.017153453849341346	0	0.011586491988522522	0.028226025155727027	0.06500050445842362	0.09306544934869028	0.11160087858587478	0.010310876640338994	0	0	0.12373083618460794	0	0.02813207963252728	0	0.99	-0.0368	1.1007486935350623
CPCG0357	0	0	0	0.05569961422576657	0	0.41881050488957405	0	0	0	0	0	0.06273590909798764	0.07844644774804917	0.18107106521463176	0	0	0	0.04978044230189224	0.1534560165220986	0	0	0	0.96	-0.0303	1.1092077042203554
CPCG0358	0.28636800681422064	0	0	0	0	0.28983242567406625	0.06023123766925637	0	0	0	0.05988185764420833	0	0.011969343708050525	0.07847832853623528	0	0.12380776504149624	0	0.007645930203075852	0.04288338281138097	0	0.03890172189800955	0	0.38	0.017195366965943024	1.0867273584585273
CPCG0360	0.12782586790980252	0	0.00699092115084695	0.020290799681163447	0	0.43216675181555275	0	0	0	0	0	0.09887527587814358	0.0015122720873599292	0.02625456514529174	0.027514998047784726	0.1210480198114628	0	0.09120711066197533	0.023058823911642726	0	0.02325459389897347	0	0.98	-0.0332	1.114272177092307
CPCG0361	0.22804980051095197	0	0.028072833561634897	0.021360416992669135	0	0.3073635466762463	0	0	0	0	0	0.0513199090224079	0.014966963433472457	0.07683967578749286	0	0.17304206918304266	0	0.06019436827936085	0.03879041655272096	0	0	0	0.64	-0.0037	1.092429263552715
CPCG0362	0.1505625606807234	0	0.03354135602158406	0.00745742754622117	0	0.32279145187584873	0	0	0	0	0	0.08815911901438202	0.0224661876108349	0.08697946570696008	0.02750072352746015	0.07010292049253589	0	0.07126570199950075	0.09968898575272007	0	0.01948409977122875	0	0.96	-0.0307	1.0937323896823474
CPCG0363	0.2294959231402625	0	0.04188848737885502	0	0	0.33035832288746386	0	0	0	0	0.029998186971904733	0.030108336620823035	0.033780932661320436	0.0001	0	0.13307552487395266	0	0.014125997781714516	0.15706384605807652	0	0	0	0.96	-0.0308	1.1048010804369668
CPCG0364	0.18787570014842553	0	0	0.0003	0	0.38793434195992343	0.07454075165239678	0	0	0	0.05586012292199416	0	0.039783864847564014	0.07768415085219597	0.03847735489856703	0.06439817684758518	0	0	0.052426521630743135	0	0.02076349198924737	0	0.99	-0.0343	1.1003358341938863
CPCG0365	0.14475674338945066	0	0	0	0	0.2160864625280823	0	0.018259163046758578	0.006362244662428413	0	0.033780202871864146	0	0.03838090622268375	0.24274256061335142	0.02741087047711236	0.07910444512850219	0	0	0.19311640105976619	0	0	0	0.99	-0.0359	1.0959562533027425
CPCG0366	0.13542953821406245	0	0.012656953260354074	0	0	0.35896294178731936	0	0	0.016931748579687465	0	0.11024483525365242	0	0.0670380040523633	0.08781690587641668	0.030551096231707132	0.0652973876432097	0	0.06672861103848843	0.03437607264509224	0	0.013965905417646788	0	0.96	-0.0302	1.0947513603353507
CPCG0368	0	0	0.009168460772417402	0	0.0004	0.3577261842491423	0	0	0.060608503967203214	0	0.054306465509254616	0	0.0996571945126636	0.09541539058756356	0.027410026539697055	0.16970326242940645	0	0.03397792585412575	0.0916667702562075	0	0	0	0.99	-0.0453	1.0959752659658728
CPCG0369	0.004332088721716943	0	0.012777187092212388	0.0026667007727841493	0	0.48341981616698004	0.004478697632282525	0	0	0	0	0.06570883216292116	0.10834261381083518	0.0930431808138214	0.048950058730468794	0.021354918304373714	0.008773612882378833	0	0.12610660351800196	0	0.02004568939122294	0	0.99	-0.0393	1.1078198243505504
CPCG0371	0.2393023428938187	0	0.03918041240293201	0.0885924941879764	0	0.14150216836378582	0.06811613418131489	0.0013038997794131302	0.005327453429368469	0	0	0.050155307855785015	0.09057287841785022	0.058959566916034004	0.03573479573369473	0.08462099953210266	0	0	0.09663154630592397	0	0	0	0.84	-0.0211	1.0935067814960087
CPCG0372	0.26027796402741316	0.043774354288501294	0	0	0	0.21040924917609455	0.00879902197288769	0	0.03658361187175106	0	0.040414932194748544	0	0	0.23414469359248535	0.010898173204023765	0.0777034022745997	0	0.0030231828697758452	0.07382678601432892	0	0	0.0001	0.7	-0.0099	1.104814063013452
CPCG0373	0.1141122518913006	0	0.016327190832353598	0	0	0.35154069738075655	0	0.0003	0	0	0.06650310315075036	0	0	0.08386723949954988	0.038030609221183405	0	0	0.004915709988890727	0.29851433693165136	0	0.025909926649594336	0	0.99	-0.0348	1.1079251022867909
CPCG0374	0.15027298730781846	0	0.0022311900989288383	0.032411244484158705	0	0.3235150443840334	0	0.0277159394425639	0	0	0	0.06929896537122594	0.021605310286926447	0	0.0235460591803923	0.2413845627437382	0	0.023995634496587287	0.06832799494326518	0	0.015695067260361344	0	0.75	-0.0159	1.0899956839858935
CPCG0375	0.15048128878895056	0	0	0.015536968077977829	0	0.31580955600872157	0	0	0.025503990704232395	0	0.1263827443516388	0	0	0.10049069382723143	0.10430602312428064	0.09734280666609288	0	0	0.023430543168404913	0.021874587255681886	0.018840798026787106	0	0.99	-0.0454	1.1107661877381354
CPCG0377	0.030786227826681993	0	0.01446666474858611	0	0.026609731886708347	0.4013904715433278	0	0	0	0	0.003202116277105595	0.03977687417492636	0.19058846037095867	0.037427554888592014	0.023290372791831094	0.098292182579167	0	0	0.13416934291211502	0	0	0	0.99	-0.0406	1.0973236117058727
CPCG0378	0.179190542808092	0	0	0	0	0.23510568601973583	0	0	0	0	0	0.09805233298113095	0	0.11246870949327448	0	0.2386857317450735	0	0.032756498276369055	0.10370963517623252	0	0	0	0.99	-0.0364	1.0972522726726133
CPCG0379	0.11485156398996778	0	0.013118492894386047	0	0	0.2601747523171603	0	0.0019192309311656267	0	0	0	0.05808232143275221	0.06602885631180887	0.0465141797945018	0.09634597387670636	0.06721553590256377	0.03109277615045062	0	0.20820220382016358	0	0.03645411257837306	0	0.99	-0.0357	1.0885045385745966
CPCG0380	0.015164951006263496	0	0.01025483654960224	0.066301091732364	0	0.3054793565003687	0	0	0.033722116399653355	0	0.012259547217961686	0.00570176496674247	0.13794842243845198	0.1950243351499322	0	0.020460317541619085	0	0.09357595221406981	0.07499831027729231	0	0.02910899800567866	0	0.91	-0.0252	1.0918091231257592
CPCG0381	0.24872901122387953	0	0.016216429890336677	0	0	0.34942629032372746	0	0	0	0	0.006412442725314001	0.0638611037723586	0.015892964222883693	0	0	0.16717040220779406	0	0.02443785036007667	0.10785350527362933	0	0	0	0.87	-0.0232	1.1051516222570403
CPCG0382	0.07069976606492458	0	0.0003	0.01383049527079081	0	0.3144818698148924	0	0	0.014361003699176627	0	0.011485939393248615	0.020105664629794427	0.07938306695063843	0.0788381743142938	0.04646913436196051	0.17125974024665824	0	0	0.15617502955186383	0	0.02265083513946125	0	0.99	-0.035	1.085187372080332
CPCG0387	0.20323041402262315	0	0	0.007367362177798932	0	0.22676961224648465	0.0222892937389609	0.008249431146371757	0.011217243243897584	0	0.0899325371908294	0	0.039573337194770325	0.11568833780831116	0.027660872869743905	0.07294122307837597	0	0.01031153751518646	0.16230616170927764	0	0.0024626360573681743	0	0.98	-0.0331	1.0895860299880666
CPCG0388	0.23718182868563933	0	0.0007	0	0	0.33333786030248513	0.014491697446904919	0	0	0	0	0.03379902429979211	0.028727046786284686	0	0.0616183792866687	0.16075603578476627	0	0	0.12554475118428027	0	0.0038268281118611423	0	0.99	-0.0352	1.1018151461888266
CPCG0391	0.1581974434630312	0	0.00387504128899776	0	0	0.327452748432979	0	0.025119536514135895	0	0	0	0.06412421659825304	0.12208415435746638	0.20047317825185176	0.025101957606336423	0	0	0.024584896237039935	0.048129396268866205	0	0	0.0009	0.89	-0.0247	1.0957270506351098
CPCG0392	0.13367024161904148	0	0.02989437657031253	0	0	0.2200268871125026	0.043774658394645345	0	0.023538599313700427	0	0.04461159101872278	0.002689382407019681	0.023532077104893454	0.09171420670139939	0.019975835815809105	0.18681310753307254	0	0.013707121458734131	0.16605191495014654	0	0	0	0.95	-0.0292	1.0799109648327252
CPCG0394	0.0484400927347881	0	0.014834713708847168	0	0	0.3289807153218469	0	0	0	0	0	0.10067178666630941	0	0	0.02206430002161168	0.3338504075268722	0	0.010910897585225723	0.14024708643449882	0	0	0	0.99	-0.035	1.0970431064047106
CPCG0395	0.017843579059460147	0	0.01580433545786615	0.06200181072313152	0	0.2528246761031943	0.014860850102465708	0	0.04931804556828239	0.002776004567739454	0	0.021969123326208206	0.09743510783693793	0.2473820328931267	0.06566607325568771	0.07759422826192704	0.01119442111475826	0	0.030450975006318284	0	0.03287873672289616	0	0.91	-0.0267	1.0977647147062048
CPCG0396	0.053701285653245924	0	0.0040924256005447	0.01730532787078516	0	0.3780954282423846	0	0	0	0	0.0424634103921569	0.015942008618584545	0.03705817120922624	0.015701490623470146	0	0.13114358644136687	0	0.07804276470078891	0.2058280831062212	0	0.0206260175412248	0	0.98	-0.032	1.0922849081219594
CPCG0397	0.11593299826998693	0	0.022968569827971123	0	0	0.30205460787912336	0	0.0007	0	0	0	0.04793044692042586	0	0.09675328885566267	0.04683788449639304	0.3239290353924154	0	0	0.04134391241165262	0	0.001506649118666813	0	0.99	-0.0349	1.098565265845696
CPCG0398	0.1805033796410238	0	0.04225004725233165	0	0	0.25512926581187767	0	0	0.046620692766279614	0	0.0606714131188077	0	0.034124644838511665	0.11775392779010838	0	0.1377457973324049	0	0.07314526448150484	0.04291222732272065	0	0.009143339644429115	0	0.75	-0.0161	1.0858552483504218
CPCG0401	0.105800904735815	0	0.17079817528782368	0.006699409663644424	0	0.42637689321780714	0.006348744407272448	0	0	0	0.09513011854032792	0	0	0.00847384489716304	0.016878589570409913	0.05090513585060714	0	0	0.10246957365764009	0	0.0101186101714892	0	0.99	-0.034	1.1302387433406003
CPCG0402	0.11533051776187715	0	0	0	0	0.2326145005436357	0	0	0.025556454238118878	0	0.05587043507001552	0	0	0.14249740009457396	0.06419819827969188	0.31471015803383634	0	0	0.048950044103162414	0	0.0003	0	0.95	-0.0287	1.0966083612905042
CPCG0404	0.009910068645175595	0	0.006332838739700414	0	0	0.29951178480203844	0	0	0.02626358091594398	0	0.09669246943292269	0.018278444326218446	0	0.016488271858945518	0.006804963335407934	0.25231925958581064	0	0.08843390842466135	0.1772989365781687	0	0.001665473355006301	0	0.99	-0.042	1.0949049482832782
CPCG0406	0.07399023468492115	0	0.19600765271923024	0.04851853824148898	0	0.20054824964229756	0	0	0.0004	0	0	0.025931409107129346	0	0.2703295593754794	0.047213400259609316	0.0687756003511153	0.0020492896688659376	0	0.06457625868202876	0	0.0016158366788576789	0	0.91	-0.0254	1.1210288138367244
CPCG0407	0.022395101543939533	0	0.030416846035545946	0.04820235773751842	0	0.30593538857407626	0	0	0	0	0.0001	0.055603345876793824	0.07535043796097261	0.11038442223997852	0.012331422970843728	0.05802962043718283	0.0167843840131337	0.042950693234101486	0.22148638601753523	0	0	0	0.99	-0.0461	1.094854178690063
CPCG0408	0.1566945758965089	0	0.026569748146655532	0	0	0.27108722207562996	0	0	0	0	0	0.10821361354583221	0	0.1028017211499949	0.0006	0.1734835623101748	0	0.02551450414440527	0.09541684143726162	0	0.039619027637144075	0	0.99	-0.0344	1.0949249156450198
CPCG0409	0.01287623656084154	0	0.01603449492709735	0	0	0.5180594039776428	0	0	0.00828046893628559	0	0.07162609584347543	0	0.058552367660258	0.09799687732336788	0	0.04165715046670182	0	0.08155360549106651	0.09336329881326311	0	0	0	0.98	-0.033	1.110664575690587
CPCG0410	0.19995413197629544	0	0.019435846977675187	0	0	0.3476951552049145	0.012364207068134778	0	0.0029400602808661524	0	0.0390151846628979	0.03495150936050784	0.03795161249052297	0.05083851618777539	0.07766775619081341	0.1027577401369177	0	0	0.03876913972790708	0	0.035659139734771625	0	0.99	-0.038	1.103801235752772
CPCG0411	0.19751432558845833	0	0.01754930260541421	0	0	0.35980009371828364	0.016213263479910516	0.029213208931205575	0.0422286283005751	0	0	0.03581814869987721	0.004159247694082447	0.08250833816704378	0.0893033350702725	0.1066336638281685	0	0	0.009012120875793537	0	0	0.010046323040914676	0.87	-0.0238	1.1092303537314117
CPCG0412	0	0	0.028177192093376775	0.03162489447787849	0	0.27068645257245877	0.030150579341276327	0	0	0	0	0.08115806394199525	0	0.11826871146673607	0.013936186378291854	0.16809768245878826	0	0.0009	0.25698617194216095	0	0	0	0.97	-0.0314	1.0984645855174808
CPCG0413	0.1404121736463641	0	0.014916472095423712	0.05554502327929195	0	0.260311869692487	0	0.014214718937394885	0	0	0	0.15627975842113268	0	0.15818850843019644	0.0068971381848272565	0.08418129654790825	0	0.03043630589190884	0	0.07621486779644712	0.002401867076617779	0	0.99	-0.0403	1.1251105549035605
CPCG0414	0	0	0.02233151887535024	0.11540788087449755	0	0.3188321888701631	0	0	0	0	0.0810632509259	0.006120232083311663	0.09848971571455631	0.08390139708865593	0.012155672251312028	0	0	0.030448359567670554	0.21033536225124927	0	0.020914421497333347	0	0.99	-0.0376	1.1053932494580063
CPCG0415	0.07840011036828541	0	0.06288409635820301	0	0	0.5004174467568169	0	0	0	0	0.0022011613608755357	0.05086986927200471	0.005866451016155464	0.07936882246763523	0	0.11437672245256028	0	0.020135079627131413	0.08294336102434154	0	0.0025368792959905794	0	0.96	-0.03	1.1081965891447383
CPCG0418	0.0950364802723697	0	0	0.04220385520308247	0	0.40179425987219264	0.0030728471067925805	0	0.015777218029148412	0	0.08176421451838341	0	0.043697682875631604	0.02558289175665813	0.05916864173307452	0.17450827042999578	0	0.008823711662667124	0.045357269262681625	0	0.0032126572773220363	0	0.95	-0.0292	1.101331359017795
CPCG0423	0.18439604424310344	0	0.09714251367693277	0	0	0.3229738121783598	0.004972822788257549	0	0	0	0.07473517336551697	0	0.020224342001461046	0.055275620439170094	0	0.07827824001030216	0	0.03602002676905495	0.12598140452784123	0	0	0	0.85	-0.0217	1.1000463116599097
CPCG0424	0.2854471887546589	0	0.05627761850732192	0.05809423401995227	0	0.2642345359245699	0.015862183242762274	0	0	0	0.06491495776028361	0	0.014660818489792482	0.03558741632267281	0.05403514479825823	0.05361207716509747	0	0	0.0972738250146301	0	0	0	0.92	-0.0279	1.1203587539698978
CPCG0426	0.062195036383266365	0	0.03346122836252783	0.1671748834519434	0	0.16286845775031628	0.07876683061320139	0	0.02619508461726514	0	0	0.026904093807384115	0.13817495320857917	0.08214102334501243	0.05413957481307032	0	0	0	0.14005257221858725	0	0.02792626142884631	0	0.95	-0.0289	1.085019324059119
CPCG0428	0.20211860382172256	0	0.07244683522591526	0.020479967905951062	0	0.20571086150561146	0	0	0	0	0	0.0857619447356799	0	0.1504076299749181	0	0.15438960352111206	0	0.03089962342781845	0.06880635895448692	0	0.008978570926784262	0	0.91	-0.0261	1.1020988917906815
CPCG0432	0.03033079327420054	0	0.0899592456793382	0.14754982389441057	0.012999275162665835	0.07156342752470184	0	0	0	0	0	0.10129899662801731	0.06732450268531244	0.14292715337852943	0.057221377339064634	0.05815072305362776	0.01499806776003181	0	0.20567661362009962	0	0	0	0.99	-0.0354	1.0953155251818898
CPCG0433	0.10996206277448503	0	0	0.034840280880942646	0	0.2996575337662763	0	0	0.009303562000950996	0	0.07099385213416144	0	0	0.24985791280612063	0.03241056293391548	0.1703721680981367	0	0	0.022602064605010765	0	0	0	0.53	0.0031343305086499905	1.0937018086547547
CPCG0434	0.10221623670538711	0	0.06383728308408054	0	0	0.2362690581940094	0	0	0.03522313457744032	0	0.03610311911276474	0	0.06711863490425307	0.22855032715696738	0.025115043738726073	0.07713766537689927	0	0	0.1284294971494721	0	0	0	0.91	-0.026	1.0875907614526252
CPCG0435	0.0552656512276781	0	0.010201664968097185	0	0	0.3291060767138941	0	0	0.02002804727564662	0	0.026798740952348396	0.011585613364336132	0.01856506492686939	0.21162076566833618	0.0431634414962511	0.15851383200626226	0	0.060778040258810416	0.05412547593903671	0	0.0002	0	0.95	-0.0283	1.0968033910287733
CPCG0437	0.006868567796426649	0	0.03502046946028855	0.09492710193891947	0	0.32336191255718744	0.054180510219957734	0	0.035515731300027	0	0.04464222090302095	0	0.04991651648431539	0.05673953344091825	0.036078029396542616	0.07514045580788083	0.003939591251886592	0	0.1836693594426285	0	0	0	0.99	-0.0352	1.0977026823930203
CPCG0439	0.13338421457498925	0	0.02571147287620423	0.017808724868132345	0	0.3104449912142068	0	0	0	0	0	0.16350645742346748	0.007625746065008318	0.06084464206991146	0.021472661265808206	0.2084837793808774	0	0	0.05066762810292308	0	0	0	0.99	-0.0348	1.1126559262766442
CPCG0445	0.20194277189227652	0	0.0003	0.022924056957118192	0	0.19867146175648212	0.03906732740019798	0	0.004330811525591558	0	0.057859571941321325	0	0.04396137722983709	0.19283530115208303	0.019362569027402597	0.08612534040435198	0	0	0.1326519647087646	0	0	0	0.91	-0.0268	1.0886147695655546
CPCG0448	0.13087035770006725	0	0	0.05057788398649479	0	0.32546467575357124	0	0	0	0	0.0806630361678599	0	0	0.19846860363553512	0.04134535130431173	0.09650265189303407	0	0	0.07610743955912588	0	0	0	0.94	-0.028	1.0992946427725037
CPCG0450	0.15682869201807612	0	0.0005	0.0015497601004673947	0	0.2573385618448684	0	0	0.027711659264050104	0	0.03181216224361813	0	0.04366358651285924	0.19035294320526214	0.02649107438334624	0.0913824765905043	0	0	0.17233999186984605	0	0	0	0.98	-0.0326	1.0905700005675092
CPCG0451	0.1114818753213597	0	0.01304398139836264	0.01611158666778684	0	0.3726840794857041	0	0	0	0	0	0.09735362341200694	0.037475576547062295	0.007539962584117968	0.06859111122154553	0.17965164577731796	0	0	0.09606655758473606	0	0	0	0.98	-0.0332	1.1000384360620385
CPCG0452	0.11833079206372608	0	0	0	0	0.23428263761595222	0	0.0019996921316547305	0.019759046417322883	0	0.07223946952773268	0	0.015246305225139386	0.27830719906228263	0.009521932947232203	0.15747160111694822	0	0	0.09284132389200893	0	0	0	0.91	-0.0253	1.099646162072622
CPCG0453	0.0731072887184791	0	0.01622052033406018	0.014776641793030289	0.026548410119761032	0.22235663376256443	0	0	0	0	0	0.09217647758461198	0	0	0	0.4122587797030998	0	0	0.07823079498775513	0	0.06432445299663803	0	0.99	-0.035	1.0981915193713159
CPCG0454	0.10561468288166911	0	0.00601341705185906	0.08975796276573746	0	0.35225512172951945	0	0	0.0014964016679907528	0	0.013139807482530278	0.06572515726738778	0	0.09514941972756873	0.017210742534404636	0.15010530601683553	0	0	0.08577319983049764	0	0.017758781043999586	0	0.99	-0.0341	1.1049438861410754
CPCG0455	0.14583143541718535	0	0	0.06942598450855994	0	0.232567610323746	0	0	0.016660806240293893	0	0.062066966200529344	0.0035766147578290644	0.004576120843544577	0.19290016740592408	0.0066216424547981155	0.1697128479307882	0	0.005170956178455828	0.08552767261475379	0	0.005361175123591806	0	0.99	-0.0336	1.0971682157900307
CPCG0456	0.11760815743259899	0	0.005012021010040331	0.029662733314193643	0	0.3685176563684322	0.05818541867931475	0	0	0	0.045865150104228064	0	0.04917876741495626	0.03997200278165319	0.07012607886467971	0.07362845229692791	0	0.04630851401939279	0.09347721352519409	0	0.0024578341883880555	0	0.98	-0.0332	1.094078003786175
CPCG0457	0.12650720159219245	0	0	0.06073970973823281	0	0.2877915839509033	0	0.00549948236795685	0.012968603217831838	0	0.08505277800839453	0.015656803413704443	0.08203070342924938	0.002615001537378977	0	0.1474022292082598	0	0.05765179916122012	0.08820171846354503	0	0.02788238591113045	0	0.99	-0.0372	1.092177774990951
CPCG0458	0.061331618997067586	0	0.015175156357952082	0.02499725173484144	0	0.29252533836476574	0	0	0.008775450047093259	0	0.01645168657298356	0.023996760949229867	0.01974589591336262	0.21629912459456216	0.04383872944752196	0.1266006194624056	0	0.0548871159752486	0.08379421774400489	0	0.011581033838960614	0	0.72	-0.0119	1.0863582639215705
CPCG0459	0.11828237088403112	0	0.001432390163683296	0	0	0.2206948196365062	0	0	0	0	0.025797542124634823	0	0.007346169147159604	0.12006849971278466	0.003870742752144801	0.45649916529412626	0	0.023132023892150844	0.022876276392778422	0	0	0	0.53	0.0035079464697774358	1.0993634710799867
CPCG0462	0.13601682074997648	0	0	0.021769290921903797	0	0.29370781996496786	0	0	0.0009	0	0.025914337552467477	0	0.06432876770113963	0.11784180293569455	0.0446774736421289	0.17644957661736713	0.001088045442874421	0	0.09743718755861121	0	0.019912945272363456	0	0.99	-0.0362	1.0875939475650143
CPCG0463	0.018698483003244087	0	0.027367285393432604	0.040845509900169136	0	0.2419464143222186	0	0	0.012721099825711863	0	0.02240570756774031	0.025724930496460883	0.06002168538116187	0.15683568354141553	0.014880795149676069	0.0967783450422747	0.010091293390961462	0.008631923198086665	0.2630508437874462	0	0	0	0.99	-0.036	1.094278857262465
CPCG0464	0.20370158271951144	0	0.01687164688876493	0	0	0.3811957317321199	0.007018920571884724	0	0	0	0.01777291455029131	0.07905606143506033	0.09773159099294694	0.08885173690096108	0	0.025366074874349092	0	0.01724506022052778	0.06518867911358249	0	0	0	0.99	-0.0382	1.1108857980766034
CPCG0465	0.06600651737088443	0	0.0005	0.005512907107494011	0	0.4243524577301883	0	0.0007	0	0	0.058439380024360554	0	0.03711447821941268	0.08322801593815086	0.061361797588740434	0.16236696183958435	0	0	0.10045965142698766	0	0	0	0.87	-0.0235	1.092045400165879
CPCG0466	0.005723135504761264	0	0.023380476104790895	0	0	0.48507748340143175	0	0	0	0	0.007919661208759567	0.08580513647628916	0.21655642530133087	0.06749340006588583	0	0	0	0.06171851667519703	0.04632576526155362	0	0	0	0.98	-0.0324	1.1124555324961285
CPCG0467	0.07078778137636521	0	0	0.05269909886364824	0	0.1886234811541589	0	0	0.0492518366732984	0	0.06645045431589214	0	0.05281748116441552	0.087406110672783	0.03256816187225701	0.25338801568716945	0	0	0.14600757822001217	0	0	0	0.91	-0.0258	1.0823638974006602
CPCG0468	0	0	0.008127095360529798	0.004074650499252438	0	0.5089488904106091	0	0	0	0	0	0.0731836411989796	0.11864987924618159	0.07973740747152816	0	0.04991024217868653	0	0.0674117053467895	0.061613670753996014	0	0.028342817533447296	0	0.95	-0.0284	1.1093745534440995
CPCG0470	0.07604506330522139	0	0	0	0	0.4515909205946108	0	0	0	0	0.08576797210945009	0	0.04256471709168978	0.0008	0.02258922981301114	0.09002024823725313	0	0	0.18356977142375344	0	0.047015431241769406	0	0.99	-0.0348	1.1039650939067107
CPCG0471	0.15770656638778496	0	0	0	0	0.344217671377815	0	0	0	0	0.09304826513770614	0	0.040759419531913206	0.10095584195828569	0.06551057809278041	0.10908157318046684	0	0	0.08193346417118372	0	0.006786620162064042	0	0.99	-0.0348	1.0937825083528705
CPCG0472	0.004586328144144132	0	0.019892675709850084	0.014651079194801051	0	0.3558320845065651	0.014161061803623452	0	0	0	0.0639870812756315	0.026401155644416682	0.08229694190787784	0.13547371858121618	0.0721323934691081	0.11499146321845699	0.013150072550037261	0	0.0671957594374935	0	0.015248184556778135	0	0.99	-0.0374	1.0951507250837835
CPCG0486	0.01860091300863352	0	0.005222939770783177	0	0	0.38303546104768205	0	0	0	0	0.06610062326702618	0.06217633999445508	0.16920835915868224	0.09567575181502373	0.02425750617475852	0.024243726286393315	0.010547842519960682	0	0.14093053695660154	0	0	0	0.99	-0.0489	1.105042243995
CPCG0490	0.14728177634580558	0	0.06160918109709625	0.03390761423741421	0	0.22429732888090992	0	0.02936267436166333	0.015992281767154292	0	0.001693775845453976	0.032496047284059186	0	0.221964163592717	0.0060850089718693144	0.11756540117324991	0	0.06602752905855824	0.04171721738404879	0	0	0	0.45	0.011980149265193954	1.0835709752260152
CPCG0492	0.1309303964765248	0	0.014686976066152213	0.029075868018204224	0	0.2984322069243363	0	0	0.03856464603951419	0	0.025985842221698138	0.014177338382793324	0.06458529553841658	0.19720089759775944	0	0	0	0	0.162193899433269	0	0.024166633301331817	0	0.99	-0.0366	1.09673448124267
CPCG0493	0.1298931930884772	0	0	0.002011027178642293	0	0.2869844889081726	0	0	0.010598650384992652	0	0.025337624615612543	0	0.027073934893592538	0.2799080023651818	0.06749588741347644	0.034149191641506794	0	0	0.13654799951034516	0	0	0	0.98	-0.0323	1.0999070159204167
CPCG0496	0.21593244083283294	0	0.018255623425730786	0.032061327630512705	0	0.21748919193369926	0.014391809578509909	0	0.013146027100842905	0	0.03567919387926472	0	0.019883498279272917	0.28223900292021153	0.07170446872632123	0.03383200497673319	0	0	0.045385410716067866	0	0	0	0.87	-0.0219	1.1054839430477816
CPCG0498	0.10358595566611607	0	0.07721727096855938	0.0630076355864469	0	0.2182200607567136	0	0	0	0	0	0.11539293444201533	0.029659082052015864	0.13616984564498272	0	0.10109258430987904	0	0.03703880261968136	0.11861582795358973	0	0	0	0.96	-0.0309	1.0955800562820504
CPCG0499	0.23589285896441894	0	0.013592939456554386	0.01354417563770485	0	0.21360236424537365	0	0.0266202281031566	0.014494343951854784	0	0	0.03243564016948032	0	0.142601563467371	0.006254617311170414	0.18129140313563033	0	0.040449582463892235	0.05721944026816885	0	0.02200084282522364	0	0.9	-0.025	1.0969419437537382
CPCG0500	0	0	0.019705313022957634	0	0.052118192661845156	0.17843029201890237	0	0	0.037294036178962035	0	0.06371410792723298	0.023962736805453785	0.1264573291603235	0.049373710670338744	0.01345196507741709	0.20518045217946906	0	0.012211711256772933	0.19486111394595473	0	0.02323903909436995	0	0.99	-0.0505	1.0898170997505507
CPCG0502	0.0985462402857425	0	0.146117616693159	0.035684911644686845	0	0.19188870724289653	0	0	0	0	0	0.09071886757734654	0	0.13693390741915332	0.02887611593417585	0.2563384701771781	0	0	0.014895163025661337	0	0	0	0.99	-0.0336	1.113065331077358
CPCG0503	0.22613234234770813	0	0	0.021991914989464945	0	0.16741706823603797	0	0.05678922928895836	0	0	0.050464783600535405	0	0.04204943929076248	0.2021976897109898	0.07341300794181022	0.08009407094448757	0	0	0.0794504536492451	0	0	0	0.63	-0.0035	1.0866909943697247
CPCG0504	0.18029643172654028	0	0	0.12862427796652637	0	0.19699841124419012	0.020930328356641974	0	0.012279942835177436	0	0.1096269592168238	0	0.0939849778184558	0.07191604321034102	0.045802842431852155	0.05145365605801823	0.0024891158287650116	0	0.06846649798255082	0	0.017130515324116996	0	0.92	-0.0278	1.0967466872785214
CPCG0508	0.04897308550796826	0	0	0.0016054750248114438	0	0.476042482791137	0	0	0	0	0.13481391170752466	0	0.03146645635278473	0.11334906040822222	0.007430071691873542	0.011478003454465147	0	0.0170342814130246	0.15780717164818842	0	0	0	0.97	-0.0315	1.1145265669750801
CPCG0509	0.10081602338521505	0	0	0.07756907344938012	0	0.3897427846089391	0.004967389184663178	0	0	0	0.0519141422160898	0	0.07632436605013324	0.07660056109204917	0.0273418156348431	0.028558043752149487	0	0	0.1661658006265378	0	0	0	0.99	-0.0365	1.1046726423473776
CPCG0524	0.08132318819598038	0	0.009395102650584476	0.006212495563648215	0	0.33595174971554703	0	0	0	0	0.016757055459421133	0.061094836952592636	0.0841635527717995	0.3952610403961183	0.009840978294308307	0	0	0	0	0	0	0	0.87	-0.0222	1.124631139858711
CPCG0525	0.1726887177726778	0	0	0	0	0.2762634023486788	0.06329283879158747	0	0	0	0.1073920495366837	0	0.029178141596236207	0.1330917283068755	0.00816356225439936	0.061837411467624524	0	0.0107375610648018	0.09436735012774713	0	0.04298723673268768	0	0.85	-0.0217	1.0849504923142772
CPCG0526	0.06103143457070709	0	0.13109313832093916	0.06721323415049289	0	0.2024853388526312	0	0	0	0	0.0972197484721377	0.016011243533424983	0.04653971782188997	0.15650393254422792	0.022439318914508	0.044327081355081774	0	0.010832499090104206	0.1376022840073341	0	0.006701028366520993	0	0.98	-0.0332	1.0956883901804992
CPCG0527	0.11422124684630224	0	0.10287156681911284	0.011023259970775306	0	0.3101284611543345	0	0	0	0	0	0.06592755426677403	0.030049843191310658	0.1310559929939224	0.006416500619731831	0.09290670748015162	0	0.03521041445907739	0.07054683876081361	0	0.029641613437693594	0	0.91	-0.0257	1.0932066704697923
CPCG0528	0.01804251511546497	0	0.003670847434575611	0.06618671870040911	0	0.27563739435178275	0	0	0	0	0.07021080289215936	0.032270366309581806	0.12696402181014457	0.07068743443218001	0.05018821645919756	0.08485594162236308	0.01431462640456177	0	0.18697111446757939	0	0	0	0.99	-0.0391	1.0937911767012496
CPCG0529	0.14085053118408544	0	0.005294501781522563	0.0072981380171462835	0	0.2736094073051967	0	0	0	0	0	0.08890397958597461	0.07013567652705498	0.06152060019377708	0	0.12521959533666105	0	0.0018341667876981512	0.11505094909784933	0	0.11028245418303388	0	0.98	-0.0325	1.088561948407141
CPCG0531	0.09613782062550683	0	0.0303378885061574	0.004495994967345796	0	0.1325098386484483	0	0.005801302016655534	0	0	0	0.030600196161256876	0	0.4234876588861293	0.0018987558747408332	0.19338314623138478	0	0	0.06360516889940533	0	0.017742229182968982	0	0.7	-0.0103	1.1319856675183082
CPCG0532	0.1480171258348384	0	0.07166702093422028	0.05125861807851496	0	0.17297992769055742	0.03637795263744201	0	0	0	0.08245275563509465	0	0	0.15130400474862948	0.03161555781017254	0.10572702391980877	0	0.018899644470875582	0.1297003682398459	0	0	0	0.98	-0.0328	1.0899111436147202
CPCG0533	0.1056799219005579	0	0.0005	0.10355480413330952	0	0.30905862498451175	0	0	0.022309716854129948	0	0.13192831870526056	0	0.1053205128070808	0.09159557533559005	0.026397949912041748	0.06305283584029867	0	0.002945035491622114	0.032082856626958256	0	0.005543977211561506	0	0.95	-0.0283	1.1064588178911139
CPCG0534	0.20615147555933988	0	0	0.006746355872812612	0	0.15668782560052208	0	0.013274623312557342	0.005189058602180281	0	0	0.04395748762491477	0	0.38515865343667205	0	0.08961030010971097	0	0.04051811502650344	0.04930811532582212	0	0.003397989528964484	0	0.24	0.034743952247907675	1.0977367693695896
CPCG0537	0.0464052099474019	0	0.002185487970285758	0.04342761665415129	0	0.27044577915502016	0	0	0.040486840416183716	0	0.11718595670213389	0	0.055393985178246424	0.12046461878642332	0.05209860065255398	0	0.004473833726770614	0	0.24743207081082896	0	0	0	0.95	-0.0284	1.0987317613616072
CPCG0539	0.1465568976747649	0	0.0697815915011022	0.006186728933969394	0	0.42600015545489234	0	0	0	0	0.02109136784734719	0.06894383555889483	0.005991913691251028	0.08760074129385827	0	0.06799282412086476	0	0.03300944217316614	0.06684450174988896	0	0	0	0.91	-0.0258	1.1094767107051173
CPCG0540	0.12236447646598721	0	0.012421878021135065	0.025686218406057528	0	0.2814513660109864	0	0	0	0	0.0856805587436979	0	0.03612467199250943	0.08532709631706115	0.023061684054483056	0.12730890192228833	0	0.008997333321636691	0.19157581474415722	0	0	0	0.99	-0.0405	1.0901654286980098
